,Group,ID,Tissue,Chain,TRV,CDR3,TRJ,Freq,Count,NT,Cell_count,Age,Sex,TCRgd_freq,Sort_day,Cell_count_category,Age_category1,Control,7,IEL,TRG,4,CATWNYYYKKLF,1,95.89041096,70,1,768,14,F,29.4,DO,A,A3,Control,7,IEL,TRD,1,CALGELTFANVLGDTPRKLIF,1,33.33333333,31,1,768,14,F,29.4,DO,A,A13,Control,7,PBL,TRG,9,CALWVYYKKLF,1,89.01098901,81,1,4368,14,F,29.4,DO,B,A17,Control,7,PBL,TRD,1,CALGEPHSSWGSYTDKLIF,1,66.30434783,61,1,4368,14,F,29.4,DO,B,A25,Control,13,IEL,TRG,4,CATWDSRGEKLF,1,19.17808219,14,2,446,18,F,17,DO,A,B35,Control,13,IEL,TRD,1,CALGELRGTYTDKLIF,1,12.04819277,10,1,446,18,F,17,DO,A,B56,Control,13,PBL,TRG,9,CALWEVRWKLF,1 or 2,17.46031746,11,1,2188,18,F,17,DO,B,B76,Control,13,PBL,TRD,1,CALAGGTYTDKLIF,1,13.51,10,1,2188,18,F,17,DO,B,B107,Control,40,IEL,TRG,4,CATWDGLGEGYKKLF,1,39.28571429,33,1,273,17,F,6.44,DA,A,B115,Control,40,IEL,TRD,1,CALGEPLLSSGEFHTDKLIF,1,50,42,1,273,17,F,6.44,DA,A,B123,Control,40,PBL,TRG,3,CATWDRLRAPIF,1 or 2,73.91304348,51,1,4542,17,F,6.44,DA,B,B127,Control,40,PBL,TRD,1,CALGERGHLTTNWGIRGDTDKLIF,1,48.71794872,38,1,4542,17,F,6.44,DA,B,B132,Control,53,IEL,TRG,9,CALWEAGKKLF,1,17.54385965,10,1,1456,10,F,17.5,DA,B,A146,Control,53,IEL,TRD,1,CALGGGIPLGPSLPYTDKLIF,1,8.75,7,1,1456,10,F,17.5,DA,B,A186,Control,53,PBL,TRG,8,CATWETTGWFKIF,P1,46.25,37,2,10000,10,F,17.5,DA,C,A194,Control,53,PBL,TRD,3,CAFYLDTRQMFF,3,55.55555556,50,1,10000,10,F,17.5,DA,C,A207,Control,106,IEL,TRG,4,CATWDGGEKLF,1,86.95652174,40,1,946,54,F,1.35,DA,A,D211,Control,106,IEL,TRD,1,CALGEQRVFGGWILIF,1,51.94805195,40,1,946,54,F,1.35,DA,A,D218,Control,110,IEL,TRG,9,CALWEFNQNYYKKLF,2,86.95652174,60,1,257,32,M,9.36,DA,A,C222,Control,110,IEL,TRD,1,CALGERWLSYWGILEPRTDKLIF,1,26.88172043,25,1,257,32,M,9.36,DA,A,C242,Control,110,PBL,TRG,8,CATWDEVTTGWFKIF,P1,47.05882353,24,1,4361,32,M,9.36,DA,B,C253,Control,110,PBL,TRD,1,CALGELRSGGYLADKLIF,1,32.8125,21,1,4361,32,M,9.36,DA,B,C341,Active,35,IEL,TRG,2,CATWDGPAGDWIKTF,P2,96.55172414,84,2,2238,11,M,22.4,DA,B,A345,Active,35,IEL,TRD,1,CALGDQRVPIPWTGGYRHTDKLIF,1,86.17021277,81,2,2238,11,M,22.4,DA,B,A348,Active,35,PBL,TRG,4,CATWDGPHYKKLF,1,43.90243902,36,1,6591,11,M,22.4,DA,C,A355,Active,35,PBL,TRD,1,CALGEIPYPTQLGDTDKLIF,1,37.33333333,28,1,6591,11,M,22.4,DA,C,A367,Active,46,IEL,TRG,3,CATWDGWRHKKLF,1,65.2173913,60,1,5000,19,F,21.3,DO,B,B375,Active,46,IEL,TRD,1,CALGGQRGIYTDKLIF,1,79.34782609,73,1,5000,19,F,21.3,DO,B,B381,Active,46,PBL,TRG,5,CATWDRHYKKLF,1 or 2,44.61538462,29,2,5000,19,F,21.3,DO,B,B391,Active,46,PBL,TRD,1,CALGEPGRWGIEVDTDKLIF,1,48.10126582,38,2,5000,19,F,21.3,DO,B,B405,Active,47,IEL,TRG,4,CATWSHYYKKLF,1,28.125,18,1,10000,13,F,33.8,DA,C,A418,Active,47,IEL,TRD,1,CALGLTPLGLGDPKLIF,1,11.9047619,10,1,10000,13,F,33.8,DA,C,A445,Active,47,PBL,TRG,2,CATWDGPRYYKKLF,1 or 2,56.75675676,42,1,10000,13,F,33.8,DA,C,A449,Active,47,PBL,TRD,1,CALGELGGDSSYLWRLTAQLFF,2,74.19354839,23,1,10000,13,F,33.8,DA,C,A452,Active,51,IEL,TRG,2,CATWDGPAVGYKKLF,1,12.6984127,8,1,10000,51,F,68.1,DO,C,D493,Active,51,IEL,TRD,1,CALGERKSFSTWLGEKDTDKLIF,1,8.333333333,6,1,10000,51,F,68.1,DO,C,D539,Active,51,PBL,TRG,4,CATWARSDWIKTF,P2,22.22222222,16,1,1394,51,F,68.1,DO,B,D551,Active,51,PBL,TRD,1,CALGEGFQRLGDCKLIF,1,23.07692308,18,2,1394,51,F,68.1,DO,B,D577,Active,81,IEL,TRG,4,CATWDHYKKLF,1 or 2,92.13483146,82,1,5000,30,F,34.9,DO,B,B580,Active,81,IEL,TRD,1,CALGELEGPYYRWGIQTDKLIF,1,86.17021277,81,2,5000,30,F,34.9,DO,B,B585,Active,81,PBL,TRG,9,CALWEVPELYYKKLF,1,62.06896552,36,1,4012,30,F,34.9,DO,B,B590,Active,81,PBL,TRD,1,CALGDPPTGTGGYAEADKLIF,1,97.87234043,92,2,4012,30,F,34.9,DO,B,B707,GFD,4,IEL,TRG,4,CATWDGLGPGLSYKKLF,1,22.35294118,19,1,3969,32,F,22.6,DO,B,C722,GFD,4,IEL,TRD,1,CALGEHLTDKLIF,1,30.76923077,28,1,3969,32,F,22.6,DO,B,C746,GFD,4,PBL,TRG,9,CALWEVRYKKLF,1 or 2,97.77777778,88,3,767,32,F,22.6,DO,A,C749,GFD,4,PBL,TRD,1,CALGELRGIKRKLIF,1,14.77272727,13,1,767,32,F,22.6,DO,A,C768,GFD,9,IEL,TRG,9,CALWEVPSPKKLF,1,19.04761905,12,2,5640,17,M,42.8,DA,C,B797,GFD,9,IEL,TRD,3,CAPPGGGLYTDKLIF,1,24.24242424,16,1,5640,17,M,42.8,DA,C,B825,GFD,28,IEL,TRG,3,CATWDGGEKLF,1,98.88888889,89,1,1688,37,M,23.7,DO,B,C827,GFD,28,IEL,TRD,1,CALGESTAFNKLIF,1,34.92063492,22,1,1688,37,M,23.7,DO,B,C836,GFD,28,PBL,TRG,4,CATWDYYKKLF,1 or 2,43.52941176,37,1,1244,37,M,23.7,DO,B,C841,GFD,28,PBL,TRD,1,CALQVLPTRGIRGKLIF,1,39.3258427,35,1,1244,37,M,23.7,DO,B,C848,GFD,33,IEL,TRG,2,CATWVHYKKLF,1,18.18181818,16,1,1164,55,F,38.1,DO,B,D867,GFD,33,IEL,TRD,1,CALGERNLRVGLVWTAQLFF,2,12.30769231,8,1,1164,55,F,38.1,DO,B,D886,GFD,33,PBL,TRG,8,CATWGGYKKLF,1,68.6746988,57,1,3182,55,F,38.1,DO,B,D890,GFD,33,PBL,TRD,1,CALGGTAAGGRRGADKLIF,1,64.36781609,56,2,3182,55,F,38.1,DO,B,D895,GFD,41,IEL,TRG,8,CATWDRIGHKKLF,2,15.51724138,9,1,1945,37,F,14.4,DO,B,C913,GFD,41,IEL,TRD,1,CALGELSLDAPFYWGIRFGKLIF,1,11.25,9,1,1945,37,F,14.4,DO,B,C946,GFD,41,PBL,TRG,8,CATWDPKLNYYKKLF,2,38.57142857,27,1,2811,37,F,14.4,DO,B,C953,GFD,41,PBL,TRD,1,CALGALTTSYRVGGLTYTDKLIF,1,25.67567568,19,1,2811,37,F,14.4,DO,B,C975,GFD,43,IEL,TRG,9,CALWEVRPNYYKKLF,2,64.77272727,57,2,3001,31,F,31,DA,B,C987,GFD,43,IEL,TRD,1,CALGDPQSASYSLGMDHKLIF,1,46.15384615,42,1,3001,31,F,31,DA,B,C